1.0581600326363758
0.8408374039716618
0.7254017684408414
0.6724447665675994
0.6561929631617761
0.6447174507443623
0.6324559251467387
0.626878256759336
0.6162796264053673
0.6180555012918287
0.6116164474077123
0.6042784965166481
0.6022439906674046
0.60586083928744
0.6002568025742808
0.5987518795074955
0.5912850361357453
0.5954809156797265
0.5939132119378736
0.5904286769769524
0.5853470999707457
0.5799100104198661
0.584131375756315
0.5852966664298889
0.594871054093043
0.5831774175167084
0.5814964713588837
0.5749173356640723
0.5703598010924554
0.5681181569253245
0.5673823266900996
0.5839486404131817
0.5741038283994121
0.5682091136132518
0.5752282815594827
0.568887823371477
0.5660294630835133
0.5631897327720478
0.561968147113759
0.5610445119360442
0.5604918025514131
0.561205425249633
0.5619152092164562
0.5636705256277516
0.5917401352236348
0.5744641445657258
0.5666901004570787
0.5634217002699452
0.5617661937590568
0.5608055415332959
