1.01146858676951
0.9739065309788318
0.8935924641629482
0.9363078753998939
0.9760307644275908
0.8397226244845288
0.8450956725059672
0.87779896563672
0.8638802754118088
0.847674826358227
0.8173263516831906
0.840293695317938
0.8767189459597811
0.8224254504163214
0.8206794122432141
0.8322878213638955
0.8406024638642656
0.816019150804966
0.8183643538901146
0.8165143360482886
0.8046907757190948
0.8016914306802952
0.8443020848517723
0.881650318490698
0.813357745079284
0.7866656704151884
0.8200660893257629
0.7628399996047325
0.8044711605031439
0.7865425830191755
0.7683134319934439
0.7465871940267846
0.8057037731434437
0.7905856206061992
0.8011043997521096
0.7552438505152439
0.7483149386466817
0.793862021983938
0.7921916043504755
0.7742526379037411
0.7747568691030462
0.8098597323640864
0.7820125957752796
0.8047895469564073
0.7253965190116395
0.7059490629967223
0.7977683239794792
0.7557748974637782
0.7539766722537101
0.751632164133356
